1.

Vorzeiohnis

661 6111666666 6166666 666 aestus 6663116166.

Abauus 274. 28 Ι 46661116 344. Ι 4113163616 3541411661616 64 1
41163616 34 Ι 4666661 31 1466161661 33 Ι 46 exitam 66661661 65 Ι
46631669 Ι 46661669 1 4661116161. 641 46666661. 64 1 46316166 34 Ι
46616161 344. 62 1466166616 354. 1 4616616611 34 Ι 466611161611 30. 31 Ι
4116116166Ιί6 331 4661661166 signa 651 4666666661 69 Ι 46661116116
33. 62. 64 Ι 46 61 Ι 463161166662. 64 Ι 46116616 64 Ι 46661661 64 Ι
4611116656. 61 Ι 4616666166 38 Ι 4116111661 64 Ι Albesia 66616334. Ι 41-
bula 38 Ι 416666 32141166 64 Ι 4116111166 40414Ιὶ16661 641 411166 37 Ι
Allicit 33. 64 Ι 4111666611 62. 64 Ι 41166 39 1 4116166116 69 Ι 4166166116 69 Ι
Alterum 93 Ι 416616616 32 1 46666661. 63. 64 1 4616116 65. 66 Ι 4161-
661616 61. 64 Ι 461116 274. 28 Ι 4611166616 33 Ι 46666161 334. Ι 46616111 38 Ι
4661611116 38 Ι 46611116 381 46666 25 Ι 46616616 69 Ι 46316661 6161111661
65 1 4636166 691461116616 61 Ι 46616616 69 Ι Appellitauiaoa 56 Ι Aquilius
25 Ι 41611166 6161 6466 Ι 41566661 774. Ι 41366 61. 64 Ι 413111661111 56 Ι
Aristophorum 61. 64141166 81. 394. Ι 4161666111364. Ι 4166611111 56 Ι
46661616 114. 331466666 274. 28 Ι 4111166 62. 64 Ι 411661616 fulgura
26 Ι 416161666162. 64 Ι 4111636 56. 61. 734. Ι Auctor 62. 64 Ι 46666166 561
Audax 56 Ι 4661166161. 6364 Ι 46161166714. 1 4666616111 651 46616
56 Ι 1166666166 274. 2814666 21 4. 28.

3616166 66 1 36166666 69 Ι Barbari 214. 61. 63. 66 1 361666 214. Ι
Barium 69 Ι 36116116 66 Ι 3611116616616 15. 66 Ι 3611616 6613666
sponsis 56. 54. 1014. Ι 311163666 661316661666613161666666613166·
6166116 661316161616 334. Ι 31661166 66136166 66 Ι Botulus 66 Ι Brun·
616166 69 Ι Brutianae parmae 38 Ι Brutum 33 Ι Burrum 63.

666666 6666161648. 53 Ι 6666616666 60. 64 Ι Caedem 63 Ι 666·
166616 6636116 48. 53 Ι 6661111611 hasta 42. 53 Ι Caenina 6916666111
25. 21 1 66666666 24. 25. 27 1 6616111166 34 Ι 66111666 394. Ι 6661611642. 531
6611111166 38 1 666166616661 60. 64 1 6661616611 58 Ι Capita 6661661484. 53 Ι
Capuam 38 Ι Capulum 59. 63 1 carnificis 484. 53 Ι 66616661 59. 631
6116616661 corona 2316616616616 32 1 6661116666 381 Catulario 3941666166
69 1 6661116116 334. Ι 6661116666 59. 69. 63 1 666616 69 1 66166616 59. 63 Ι
Cella 52. 64 1 6666 38 1 66616666 58161616 52. 5416111616 334. 1616616
3816163616 42. 53 Ι 61611166 1666616 42. 44. 5316116116 394. 1611161
61). 631 Ciuicam 6616666123 1 6166152. 541 6161166616616 361 6116616111
59. 631 611616 auspicia 48. 531 6166166666 39 1616666616111 691616666

66. 64 Ι 6161661 33 4. Ι 6666666616 3916663166 56. 57. 581 6631166161 59.
63. 1 Cogitatio 52. 54 Ι 6636166 56 1 6616666166 59. 61. 63 Ι 66666166
58. 631 6616666616 341 Compilaro 334. 1661611666 43. 53166666311666
. feriae 434453 Ι Conciliatrix 42. 43. 53 Ι 6666166661 52. 54. 561

 

