115

Rhandas 3811115155 52. 541 Rideo 55515515 231 1115555 911. 941 Rigida

35. 58. 78. 1101 Rituales 55 1 111155 45. 47. 531 Radus 94 1 Rogatio 82.

851 Romanam partam 3818555555 35. 58. 11011155151151.2311155151551

1041 8515515531 1 Rosea 55 1 Ramen 34 1 Ramex 35 1 Ruminalem 34 1
11555551 361111555511 331. 1 Rutilae 391. 56.

8555115523. 27. 54 1 Sabini 23. 27. 54 55 1 Sabini quad 551551 sam-
5155123 1 Sacer mons 81. 84. 851 Sacram 91. 1081 85511155 941 8515515
211. Ι Salias 94 1 Salicem 13 1 8511515 811 8555155 79. 86. 94 1 85551551
89. 94 1 Sarcito 861 Sardi 5555155 23 1 855 91. 11. 38. 1061. 1071 109 1
85115 13. 16. 17. 20. 52. 54. 10618515155541855551151551551 5418555115
23. 27. 541 Scelerata parta 37 1 Saeuam 9418555555 38 1 schoeniculae 401.
108 1 Schalae 38. 391 Scirpum 23 351 8555555 121 Sacaspitam 791 Sacas
10518511551555 691 851515 54. 92. 105 Ι 85151539 1 Senatores 38 1 Senatus
decretum 831 8551551 381 Seplasia 761. 'Sepulchrum 821 Serilia 12. 35 Ι
8555 sapiunt Phryges 23 Ι 85555139 Ι 8555515 5555511 491. 50. 541
8551555111 41. 10. 111. 33 1 85115554 1 Sexagenarias 155551523 Ι Sibus
331. Ι 81151515 38. 39 1 simpludiarea 391. 1 8155 555515 heraclitae 23 1 sinistrae
aues 951 Sinistrum 131. 51. 54 Ι Sabrinus 27. 82. 851. 1 Sabrium uicum
89. 941 85115111 851115 55115 13. 18 1 85115550. 541 Sollicitare 16.
52. 54 1 Salam 1101 8551155 causa 761. 78 1 Santicum morbum 761. 89. 92. Ι
Sororiare 391. Ι 8555515111 tigillum 37 1 855 35. 38. 1071. 109 1 Sospes 1091. 1
Spara 351 855515 761 Specus 771. 106 1 Speras 1091 851511781 85151551
76. 78 Ι Spicum 771. {Spiatymix 951 8515111515 951 Spondere 9. 181. 54 Ι
8151511555851.1 815155 dies 3911 Stellam 50. 51. 541 Stellatina 23. 27.
541 Stipatores 16. 171. 52. 54 Ι Stipes 110 1 Stirpem 771. 82. 85. 106 1
Stolidus 109181155555 79. 94 Ι 8155555 35. 791. 94 18115155155155 341. 1
Strunpi 79 1 Stultorum feriae 3818551 151 50. 5418555551 391851) iugum
37 Ι Sub uas 5155537. 891. 941 Subditua iudex 54 1 85515192 1 Subigere 54 1
85515515109 1 Sublicium 341. 1 85511155511361 Sublucara 34 1 Suboles 35 A. 1
Subrumari 34 1 8511555155 35 1 Subsidium 34 Ι Subuculam 891. 90. 941
Suburam 2. 9. 101, 1811 Suburanam 2. 231 8555115555 3511 Succratilla
4011 Sacerdaa 341. 1 8511551551 691 851551 105 1 Sufes 391. 1 85111535.
54. 10818515 38. 1091855555135. 1091 855515 391 1855111341 Super-
cilium 33118555555511108. 1091 Supplicium 41. 94 Ι 8555551391 Sarum
35 1 Sus Mineruam 23. 27. 105 1 Sutrium qnasi aaut 23. 27 Ι Syrium nan
8551151523.

Tahemacula 331 Talentaram 3911 15115515 8. 141. 105 1 1515525 1
1515 5551123. 27 1 15155595 Ι Tappulam 15551523. 27 Ι Tatium 9. 171. 18 Ι
1515 31. 39111515555151551 381 Teatipallium 121 15555 3311 Tarentum
1041 Tecmonem 1101 Tamum 9. 1051 15555 41. 951 151151 371. 1111111555
95111551555 951115551151 ludi (Saltatarsm ο1558571151151111) 2. 41.
10. 881100-104 1 Tiberis 38 1 Tigillum 37 1 Tituli 25 1 Tadi 401. Ι
1511555 36 1 Tangere 95 1 1555551109. 110 1 Tonsillam 38 1 155555 88.
9511555555 83. 8511553515 35. 38111551551515 97189. 95 Ι ’11155-
1515 41. 95 Ι 1515515515 fulgur 261 Triumphales 5555511523 1 Thcmentina
23 Ι 1511155155 95 1 1511155 95 Ι Tullios 951 1551515111 82. 89. 1101. 1

Δ 1555 34111515 15551523.

 

